50 380 10
-0
3 2 2 10 10 10 0 1.5
3 2 2  -8 30 15 0 3
-1
0 2 20 1 48 
0 2 10 -10 60
3 2 2 -4 51 0 10 3
3 2 2 -4 70 18 0 5
3 2 2 12 51 0 11 5
-2
4 2 2 -13 105 5 2
3 2 2 0 89 0 10 3
0 2 15 12 95
-3
0 2 2 -12 145
0 2 2 -12 135
0 2 2 -12 125
0 2 30 18.2  136.5
0 2 30 -2 129.5
4 2 2 -12 135 5 2
2 2 2  8 133 6 15 20 10 
-4
4 2 2 0 170 5 1
4 2 2 0 170 10 -2
4 2 2 0 170 15 3
0 2 2 0 170
3 2 2 0 188 22 0 3
-5
0 2 2 0 200
0 2 2 -5 210
0 2 2 5 210
0 2 2 -10 200
0 2 2 10 200
0 2 2 -15 210
0 2 2 15 210
0 2 2 -20 200
0 2 2 20 200
2 2 2  0 220 20 4 20 10 
-6
3 2 2 0 245 10 0 5
3 2 2 0 245 10 0 -5
3 2 2 0 245 0 10 5
3 2 2 0 245 0 10 -5
3 2 2 0 245 7 7 5
3 2 2 0 245 7 7 -5
3 2 2 0 245 7 -7 5
3 2 2 0 245 7 -7 -5
4 2 2 0 245 13 5
2 2 2 0 247 22 18 2 4.8
-7
0 2 20 -10 280
0 10 2 -4 280
0 2 20  2 280
0 2 20  9 280
4 2 2 9 296 5 3
0 2 2  15  280
0 2 2  19  280
0 2 2  -15  280
0 2 2  -19  280
3 2 2 18 275 3 0 1.5
3 2 2 -18 275 3 0 1.5
-8
0 2 30 -10 327
0 2 20  2 320
0 14.8 2  10.5 320
0 2 30  19 319.5
3 2 2 10 334 0 3 1.5
2 2 2  -4 320 1 8 20 10 
4 2 2 -17.5 325 3 3
4 2 2 -17.5 315 3 -4
4 2 2 -17.5 335 3 5
-9
2 2 2  -21.5 360 2 3 8 5
2 2 2  -12 360 3 8 4 2
2 2 2  0 360 4 5 1 0.5 
2 2 2  12 360 1 8 4 2 
2 2 2  20 360 1 8 8 5 
0 10 2 -20 350
0 10 2 -0 350
0 10 2 20 350
